{
 "cells": [
  {
   "cell_type": "code",
   "execution_count": 1,
   "id": "3ca7ad8d",
   "metadata": {},
   "outputs": [
    {
     "data": {
      "text/html": [
       "<div>\n",
       "<style scoped>\n",
       "    .dataframe tbody tr th:only-of-type {\n",
       "        vertical-align: middle;\n",
       "    }\n",
       "\n",
       "    .dataframe tbody tr th {\n",
       "        vertical-align: top;\n",
       "    }\n",
       "\n",
       "    .dataframe thead th {\n",
       "        text-align: right;\n",
       "    }\n",
       "</style>\n",
       "<table border=\"1\" class=\"dataframe\">\n",
       "  <thead>\n",
       "    <tr style=\"text-align: right;\">\n",
       "      <th></th>\n",
       "      <th>0</th>\n",
       "      <th>1</th>\n",
       "      <th>2</th>\n",
       "      <th>3</th>\n",
       "      <th>4</th>\n",
       "    </tr>\n",
       "  </thead>\n",
       "  <tbody>\n",
       "    <tr>\n",
       "      <th>id</th>\n",
       "      <td>842302</td>\n",
       "      <td>842517</td>\n",
       "      <td>84300903</td>\n",
       "      <td>84348301</td>\n",
       "      <td>84358402</td>\n",
       "    </tr>\n",
       "    <tr>\n",
       "      <th>diagnosis</th>\n",
       "      <td>M</td>\n",
       "      <td>M</td>\n",
       "      <td>M</td>\n",
       "      <td>M</td>\n",
       "      <td>M</td>\n",
       "    </tr>\n",
       "    <tr>\n",
       "      <th>radius_mean</th>\n",
       "      <td>17.99</td>\n",
       "      <td>20.57</td>\n",
       "      <td>19.69</td>\n",
       "      <td>11.42</td>\n",
       "      <td>20.29</td>\n",
       "    </tr>\n",
       "    <tr>\n",
       "      <th>texture_mean</th>\n",
       "      <td>10.38</td>\n",
       "      <td>17.77</td>\n",
       "      <td>21.25</td>\n",
       "      <td>20.38</td>\n",
       "      <td>14.34</td>\n",
       "    </tr>\n",
       "    <tr>\n",
       "      <th>perimeter_mean</th>\n",
       "      <td>122.8</td>\n",
       "      <td>132.9</td>\n",
       "      <td>130.0</td>\n",
       "      <td>77.58</td>\n",
       "      <td>135.1</td>\n",
       "    </tr>\n",
       "    <tr>\n",
       "      <th>area_mean</th>\n",
       "      <td>1001.0</td>\n",
       "      <td>1326.0</td>\n",
       "      <td>1203.0</td>\n",
       "      <td>386.1</td>\n",
       "      <td>1297.0</td>\n",
       "    </tr>\n",
       "    <tr>\n",
       "      <th>smoothness_mean</th>\n",
       "      <td>0.1184</td>\n",
       "      <td>0.08474</td>\n",
       "      <td>0.1096</td>\n",
       "      <td>0.1425</td>\n",
       "      <td>0.1003</td>\n",
       "    </tr>\n",
       "    <tr>\n",
       "      <th>compactness_mean</th>\n",
       "      <td>0.2776</td>\n",
       "      <td>0.07864</td>\n",
       "      <td>0.1599</td>\n",
       "      <td>0.2839</td>\n",
       "      <td>0.1328</td>\n",
       "    </tr>\n",
       "    <tr>\n",
       "      <th>concavity_mean</th>\n",
       "      <td>0.3001</td>\n",
       "      <td>0.0869</td>\n",
       "      <td>0.1974</td>\n",
       "      <td>0.2414</td>\n",
       "      <td>0.198</td>\n",
       "    </tr>\n",
       "    <tr>\n",
       "      <th>concave points_mean</th>\n",
       "      <td>0.1471</td>\n",
       "      <td>0.07017</td>\n",
       "      <td>0.1279</td>\n",
       "      <td>0.1052</td>\n",
       "      <td>0.1043</td>\n",
       "    </tr>\n",
       "    <tr>\n",
       "      <th>symmetry_mean</th>\n",
       "      <td>0.2419</td>\n",
       "      <td>0.1812</td>\n",
       "      <td>0.2069</td>\n",
       "      <td>0.2597</td>\n",
       "      <td>0.1809</td>\n",
       "    </tr>\n",
       "    <tr>\n",
       "      <th>fractal_dimension_mean</th>\n",
       "      <td>0.07871</td>\n",
       "      <td>0.05667</td>\n",
       "      <td>0.05999</td>\n",
       "      <td>0.09744</td>\n",
       "      <td>0.05883</td>\n",
       "    </tr>\n",
       "    <tr>\n",
       "      <th>radius_se</th>\n",
       "      <td>1.095</td>\n",
       "      <td>0.5435</td>\n",
       "      <td>0.7456</td>\n",
       "      <td>0.4956</td>\n",
       "      <td>0.7572</td>\n",
       "    </tr>\n",
       "    <tr>\n",
       "      <th>texture_se</th>\n",
       "      <td>0.9053</td>\n",
       "      <td>0.7339</td>\n",
       "      <td>0.7869</td>\n",
       "      <td>1.156</td>\n",
       "      <td>0.7813</td>\n",
       "    </tr>\n",
       "    <tr>\n",
       "      <th>perimeter_se</th>\n",
       "      <td>8.589</td>\n",
       "      <td>3.398</td>\n",
       "      <td>4.585</td>\n",
       "      <td>3.445</td>\n",
       "      <td>5.438</td>\n",
       "    </tr>\n",
       "    <tr>\n",
       "      <th>area_se</th>\n",
       "      <td>153.4</td>\n",
       "      <td>74.08</td>\n",
       "      <td>94.03</td>\n",
       "      <td>27.23</td>\n",
       "      <td>94.44</td>\n",
       "    </tr>\n",
       "    <tr>\n",
       "      <th>smoothness_se</th>\n",
       "      <td>0.006399</td>\n",
       "      <td>0.005225</td>\n",
       "      <td>0.00615</td>\n",
       "      <td>0.00911</td>\n",
       "      <td>0.01149</td>\n",
       "    </tr>\n",
       "    <tr>\n",
       "      <th>compactness_se</th>\n",
       "      <td>0.04904</td>\n",
       "      <td>0.01308</td>\n",
       "      <td>0.04006</td>\n",
       "      <td>0.07458</td>\n",
       "      <td>0.02461</td>\n",
       "    </tr>\n",
       "    <tr>\n",
       "      <th>concavity_se</th>\n",
       "      <td>0.05373</td>\n",
       "      <td>0.0186</td>\n",
       "      <td>0.03832</td>\n",
       "      <td>0.05661</td>\n",
       "      <td>0.05688</td>\n",
       "    </tr>\n",
       "    <tr>\n",
       "      <th>concave points_se</th>\n",
       "      <td>0.01587</td>\n",
       "      <td>0.0134</td>\n",
       "      <td>0.02058</td>\n",
       "      <td>0.01867</td>\n",
       "      <td>0.01885</td>\n",
       "    </tr>\n",
       "    <tr>\n",
       "      <th>symmetry_se</th>\n",
       "      <td>0.03003</td>\n",
       "      <td>0.01389</td>\n",
       "      <td>0.0225</td>\n",
       "      <td>0.05963</td>\n",
       "      <td>0.01756</td>\n",
       "    </tr>\n",
       "    <tr>\n",
       "      <th>fractal_dimension_se</th>\n",
       "      <td>0.006193</td>\n",
       "      <td>0.003532</td>\n",
       "      <td>0.004571</td>\n",
       "      <td>0.009208</td>\n",
       "      <td>0.005115</td>\n",
       "    </tr>\n",
       "    <tr>\n",
       "      <th>radius_worst</th>\n",
       "      <td>25.38</td>\n",
       "      <td>24.99</td>\n",
       "      <td>23.57</td>\n",
       "      <td>14.91</td>\n",
       "      <td>22.54</td>\n",
       "    </tr>\n",
       "    <tr>\n",
       "      <th>texture_worst</th>\n",
       "      <td>17.33</td>\n",
       "      <td>23.41</td>\n",
       "      <td>25.53</td>\n",
       "      <td>26.5</td>\n",
       "      <td>16.67</td>\n",
       "    </tr>\n",
       "    <tr>\n",
       "      <th>perimeter_worst</th>\n",
       "      <td>184.6</td>\n",
       "      <td>158.8</td>\n",
       "      <td>152.5</td>\n",
       "      <td>98.87</td>\n",
       "      <td>152.2</td>\n",
       "    </tr>\n",
       "    <tr>\n",
       "      <th>area_worst</th>\n",
       "      <td>2019.0</td>\n",
       "      <td>1956.0</td>\n",
       "      <td>1709.0</td>\n",
       "      <td>567.7</td>\n",
       "      <td>1575.0</td>\n",
       "    </tr>\n",
       "    <tr>\n",
       "      <th>smoothness_worst</th>\n",
       "      <td>0.1622</td>\n",
       "      <td>0.1238</td>\n",
       "      <td>0.1444</td>\n",
       "      <td>0.2098</td>\n",
       "      <td>0.1374</td>\n",
       "    </tr>\n",
       "    <tr>\n",
       "      <th>compactness_worst</th>\n",
       "      <td>0.6656</td>\n",
       "      <td>0.1866</td>\n",
       "      <td>0.4245</td>\n",
       "      <td>0.8663</td>\n",
       "      <td>0.205</td>\n",
       "    </tr>\n",
       "    <tr>\n",
       "      <th>concavity_worst</th>\n",
       "      <td>0.7119</td>\n",
       "      <td>0.2416</td>\n",
       "      <td>0.4504</td>\n",
       "      <td>0.6869</td>\n",
       "      <td>0.4</td>\n",
       "    </tr>\n",
       "    <tr>\n",
       "      <th>concave points_worst</th>\n",
       "      <td>0.2654</td>\n",
       "      <td>0.186</td>\n",
       "      <td>0.243</td>\n",
       "      <td>0.2575</td>\n",
       "      <td>0.1625</td>\n",
       "    </tr>\n",
       "    <tr>\n",
       "      <th>symmetry_worst</th>\n",
       "      <td>0.4601</td>\n",
       "      <td>0.275</td>\n",
       "      <td>0.3613</td>\n",
       "      <td>0.6638</td>\n",
       "      <td>0.2364</td>\n",
       "    </tr>\n",
       "    <tr>\n",
       "      <th>fractal_dimension_worst</th>\n",
       "      <td>0.1189</td>\n",
       "      <td>0.08902</td>\n",
       "      <td>0.08758</td>\n",
       "      <td>0.173</td>\n",
       "      <td>0.07678</td>\n",
       "    </tr>\n",
       "    <tr>\n",
       "      <th>Unnamed: 32</th>\n",
       "      <td>NaN</td>\n",
       "      <td>NaN</td>\n",
       "      <td>NaN</td>\n",
       "      <td>NaN</td>\n",
       "      <td>NaN</td>\n",
       "    </tr>\n",
       "  </tbody>\n",
       "</table>\n",
       "</div>"
      ],
      "text/plain": [
       "                                0         1         2         3         4\n",
       "id                         842302    842517  84300903  84348301  84358402\n",
       "diagnosis                       M         M         M         M         M\n",
       "radius_mean                 17.99     20.57     19.69     11.42     20.29\n",
       "texture_mean                10.38     17.77     21.25     20.38     14.34\n",
       "perimeter_mean              122.8     132.9     130.0     77.58     135.1\n",
       "area_mean                  1001.0    1326.0    1203.0     386.1    1297.0\n",
       "smoothness_mean            0.1184   0.08474    0.1096    0.1425    0.1003\n",
       "compactness_mean           0.2776   0.07864    0.1599    0.2839    0.1328\n",
       "concavity_mean             0.3001    0.0869    0.1974    0.2414     0.198\n",
       "concave points_mean        0.1471   0.07017    0.1279    0.1052    0.1043\n",
       "symmetry_mean              0.2419    0.1812    0.2069    0.2597    0.1809\n",
       "fractal_dimension_mean    0.07871   0.05667   0.05999   0.09744   0.05883\n",
       "radius_se                   1.095    0.5435    0.7456    0.4956    0.7572\n",
       "texture_se                 0.9053    0.7339    0.7869     1.156    0.7813\n",
       "perimeter_se                8.589     3.398     4.585     3.445     5.438\n",
       "area_se                     153.4     74.08     94.03     27.23     94.44\n",
       "smoothness_se            0.006399  0.005225   0.00615   0.00911   0.01149\n",
       "compactness_se            0.04904   0.01308   0.04006   0.07458   0.02461\n",
       "concavity_se              0.05373    0.0186   0.03832   0.05661   0.05688\n",
       "concave points_se         0.01587    0.0134   0.02058   0.01867   0.01885\n",
       "symmetry_se               0.03003   0.01389    0.0225   0.05963   0.01756\n",
       "fractal_dimension_se     0.006193  0.003532  0.004571  0.009208  0.005115\n",
       "radius_worst                25.38     24.99     23.57     14.91     22.54\n",
       "texture_worst               17.33     23.41     25.53      26.5     16.67\n",
       "perimeter_worst             184.6     158.8     152.5     98.87     152.2\n",
       "area_worst                 2019.0    1956.0    1709.0     567.7    1575.0\n",
       "smoothness_worst           0.1622    0.1238    0.1444    0.2098    0.1374\n",
       "compactness_worst          0.6656    0.1866    0.4245    0.8663     0.205\n",
       "concavity_worst            0.7119    0.2416    0.4504    0.6869       0.4\n",
       "concave points_worst       0.2654     0.186     0.243    0.2575    0.1625\n",
       "symmetry_worst             0.4601     0.275    0.3613    0.6638    0.2364\n",
       "fractal_dimension_worst    0.1189   0.08902   0.08758     0.173   0.07678\n",
       "Unnamed: 32                   NaN       NaN       NaN       NaN       NaN"
      ]
     },
     "execution_count": 1,
     "metadata": {},
     "output_type": "execute_result"
    }
   ],
   "source": [
    "import pandas as pd\n",
    "\n",
    "# Load the dataset\n",
    "data = pd.read_csv(\"Breast Cancer Wisconsin.csv\")\n",
    "\n",
    "# Display the first few rows of the dataset\n",
    "data.head().T\n"
   ]
  },
  {
   "cell_type": "code",
   "execution_count": 2,
   "id": "c7933035",
   "metadata": {},
   "outputs": [
    {
     "name": "stdout",
     "output_type": "stream",
     "text": [
      "<class 'pandas.core.frame.DataFrame'>\n",
      "RangeIndex: 569 entries, 0 to 568\n",
      "Data columns (total 33 columns):\n",
      " #   Column                   Non-Null Count  Dtype  \n",
      "---  ------                   --------------  -----  \n",
      " 0   id                       569 non-null    int64  \n",
      " 1   diagnosis                569 non-null    object \n",
      " 2   radius_mean              569 non-null    float64\n",
      " 3   texture_mean             569 non-null    float64\n",
      " 4   perimeter_mean           569 non-null    float64\n",
      " 5   area_mean                569 non-null    float64\n",
      " 6   smoothness_mean          569 non-null    float64\n",
      " 7   compactness_mean         569 non-null    float64\n",
      " 8   concavity_mean           569 non-null    float64\n",
      " 9   concave points_mean      569 non-null    float64\n",
      " 10  symmetry_mean            569 non-null    float64\n",
      " 11  fractal_dimension_mean   569 non-null    float64\n",
      " 12  radius_se                569 non-null    float64\n",
      " 13  texture_se               569 non-null    float64\n",
      " 14  perimeter_se             569 non-null    float64\n",
      " 15  area_se                  569 non-null    float64\n",
      " 16  smoothness_se            569 non-null    float64\n",
      " 17  compactness_se           569 non-null    float64\n",
      " 18  concavity_se             569 non-null    float64\n",
      " 19  concave points_se        569 non-null    float64\n",
      " 20  symmetry_se              569 non-null    float64\n",
      " 21  fractal_dimension_se     569 non-null    float64\n",
      " 22  radius_worst             569 non-null    float64\n",
      " 23  texture_worst            569 non-null    float64\n",
      " 24  perimeter_worst          569 non-null    float64\n",
      " 25  area_worst               569 non-null    float64\n",
      " 26  smoothness_worst         569 non-null    float64\n",
      " 27  compactness_worst        569 non-null    float64\n",
      " 28  concavity_worst          569 non-null    float64\n",
      " 29  concave points_worst     569 non-null    float64\n",
      " 30  symmetry_worst           569 non-null    float64\n",
      " 31  fractal_dimension_worst  569 non-null    float64\n",
      " 32  Unnamed: 32              0 non-null      float64\n",
      "dtypes: float64(31), int64(1), object(1)\n",
      "memory usage: 146.8+ KB\n",
      "None\n"
     ]
    }
   ],
   "source": [
    "# Display summary\n",
    "print(data.info())"
   ]
  },
  {
   "cell_type": "code",
   "execution_count": 3,
   "id": "6a2dd796",
   "metadata": {},
   "outputs": [
    {
     "name": "stdout",
     "output_type": "stream",
     "text": [
      "Shape of the data: (569, 33)\n"
     ]
    }
   ],
   "source": [
    "# Get the shape of the DataFrame\n",
    "data_shape = data.shape\n",
    "print(\"Shape of the data:\", data_shape)"
   ]
  },
  {
   "cell_type": "code",
   "execution_count": 4,
   "id": "31772ec0",
   "metadata": {},
   "outputs": [
    {
     "data": {
      "text/plain": [
       "Index(['id', 'diagnosis', 'radius_mean', 'texture_mean', 'perimeter_mean',\n",
       "       'area_mean', 'smoothness_mean', 'compactness_mean', 'concavity_mean',\n",
       "       'concave points_mean', 'symmetry_mean', 'fractal_dimension_mean',\n",
       "       'radius_se', 'texture_se', 'perimeter_se', 'area_se', 'smoothness_se',\n",
       "       'compactness_se', 'concavity_se', 'concave points_se', 'symmetry_se',\n",
       "       'fractal_dimension_se', 'radius_worst', 'texture_worst',\n",
       "       'perimeter_worst', 'area_worst', 'smoothness_worst',\n",
       "       'compactness_worst', 'concavity_worst', 'concave points_worst',\n",
       "       'symmetry_worst', 'fractal_dimension_worst', 'Unnamed: 32'],\n",
       "      dtype='object')"
      ]
     },
     "execution_count": 4,
     "metadata": {},
     "output_type": "execute_result"
    }
   ],
   "source": [
    "data.columns"
   ]
  },
  {
   "cell_type": "markdown",
   "id": "f3497ad6",
   "metadata": {},
   "source": [
    "It looks like you're listing the column names of the dataset. Here's the full list with a brief explanation of each column:\n",
    "\n",
    "1. **id**: Unique identifier for each entry.\n",
    "2. **diagnosis**: The diagnosis of the breast tissues, where 'M' indicates malignant and 'B' indicates benign.\n",
    "3. **radius_mean**: Mean of distances from center to points on the perimeter.\n",
    "4. **texture_mean**: Standard deviation of gray-scale values.\n",
    "5. **perimeter_mean**: Mean size of the core tumor mass.\n",
    "6. **area_mean**: Mean area of the core tumor mass.\n",
    "7. **smoothness_mean**: Mean of local variation in radius lengths.\n",
    "8. **compactness_mean**: Mean of perimeter^2 / area - 1.0.\n",
    "9. **concavity_mean**: Mean severity of concave portions of the contour.\n",
    "10. **concave points_mean**: Mean number of concave portions of the contour.\n",
    "11. **symmetry_mean**: Symmetry of the breast.\n",
    "12. **fractal_dimension_mean**: \"Coastline approximation\" - 1.\n",
    "13. **radius_se**: Standard error of the mean of distances from center to points on the perimeter.\n",
    "14. **texture_se**: Standard error of gray-scale values.\n",
    "15. **perimeter_se**: Standard error of the size of the core tumor mass.\n",
    "16. **area_se**: Standard error of the area of the core tumor mass.\n",
    "17. **smoothness_se**: Standard error of local variation in radius lengths.\n",
    "18. **compactness_se**: Standard error of perimeter^2 / area - 1.0.\n",
    "19. **concavity_se**: Standard error of severity of concave portions of the contour.\n",
    "20. **concave points_se**: Standard error for the number of concave portions of the contour.\n",
    "21. **symmetry_se**: Standard error for symmetry of the breast.\n",
    "22. **fractal_dimension_se**: Standard error for \"coastline approximation\" - 1.\n",
    "23. **radius_worst**: \"Worst\" or largest mean value of the mean of distances from center to points on the perimeter.\n",
    "24. **texture_worst**: \"Worst\" or largest mean value of standard deviation of gray-scale values.\n",
    "25. **perimeter_worst**: \"Worst\" or largest mean value of the size of the core tumor mass.\n",
    "26. **area_worst**: \"Worst\" or largest mean value of the area of the core tumor mass.\n",
    "27. **smoothness_worst**: \"Worst\" or largest mean value of local variation in radius lengths.\n",
    "28. **compactness_worst**: \"Worst\" or largest mean value of perimeter^2 / area - 1.0.\n",
    "29. **concavity_worst**: \"Worst\" or largest mean value of severity of concave portions of the contour.\n",
    "30. **concave points_worst**: \"Worst\" or largest mean value for the number of concave portions of the contour.\n",
    "31. **symmetry_worst**: \"Worst\" or largest mean value of symmetry of the breast.\n",
    "32. **fractal_dimension_worst**: \"Worst\" or largest mean value of \"coastline approximation\" - 1.\n",
    "33. **Unnamed: 32**: This column appears to be unnamed and might be a result of an error while loading the dataset. It may be empty or contain some unknown data."
   ]
  },
  {
   "cell_type": "code",
   "execution_count": 5,
   "id": "04c012aa",
   "metadata": {},
   "outputs": [],
   "source": [
    "data.drop(columns=['id','Unnamed: 32'], inplace=True)"
   ]
  },
  {
   "cell_type": "code",
   "execution_count": 6,
   "id": "74c4ab77",
   "metadata": {},
   "outputs": [
    {
     "name": "stdout",
     "output_type": "stream",
     "text": [
      "diagnosis                  0\n",
      "radius_mean                0\n",
      "texture_mean               0\n",
      "perimeter_mean             0\n",
      "area_mean                  0\n",
      "smoothness_mean            0\n",
      "compactness_mean           0\n",
      "concavity_mean             0\n",
      "concave points_mean        0\n",
      "symmetry_mean              0\n",
      "fractal_dimension_mean     0\n",
      "radius_se                  0\n",
      "texture_se                 0\n",
      "perimeter_se               0\n",
      "area_se                    0\n",
      "smoothness_se              0\n",
      "compactness_se             0\n",
      "concavity_se               0\n",
      "concave points_se          0\n",
      "symmetry_se                0\n",
      "fractal_dimension_se       0\n",
      "radius_worst               0\n",
      "texture_worst              0\n",
      "perimeter_worst            0\n",
      "area_worst                 0\n",
      "smoothness_worst           0\n",
      "compactness_worst          0\n",
      "concavity_worst            0\n",
      "concave points_worst       0\n",
      "symmetry_worst             0\n",
      "fractal_dimension_worst    0\n",
      "dtype: int64\n"
     ]
    }
   ],
   "source": [
    "# Check for null values\n",
    "null_values = data.isnull().sum()\n",
    "print(null_values)"
   ]
  },
  {
   "cell_type": "code",
   "execution_count": 7,
   "id": "df6e000e",
   "metadata": {},
   "outputs": [
    {
     "name": "stdout",
     "output_type": "stream",
     "text": [
      "Number of duplicate rows: 0\n"
     ]
    }
   ],
   "source": [
    "# Check for duplicate rows\n",
    "duplicate_rows = data.duplicated().sum()\n",
    "print(\"Number of duplicate rows:\", duplicate_rows)"
   ]
  },
  {
   "cell_type": "code",
   "execution_count": 9,
   "id": "9c74c3c8",
   "metadata": {},
   "outputs": [
    {
     "name": "stdout",
     "output_type": "stream",
     "text": [
      "   diagnosis  radius_mean  texture_mean  perimeter_mean  area_mean  \\\n",
      "0          1        17.99         10.38          122.80     1001.0   \n",
      "1          1        20.57         17.77          132.90     1326.0   \n",
      "2          1        19.69         21.25          130.00     1203.0   \n",
      "3          1        11.42         20.38           77.58      386.1   \n",
      "4          1        20.29         14.34          135.10     1297.0   \n",
      "\n",
      "   smoothness_mean  compactness_mean  concavity_mean  concave points_mean  \\\n",
      "0          0.11840           0.27760          0.3001              0.14710   \n",
      "1          0.08474           0.07864          0.0869              0.07017   \n",
      "2          0.10960           0.15990          0.1974              0.12790   \n",
      "3          0.14250           0.28390          0.2414              0.10520   \n",
      "4          0.10030           0.13280          0.1980              0.10430   \n",
      "\n",
      "   symmetry_mean  ...  radius_worst  texture_worst  perimeter_worst  \\\n",
      "0         0.2419  ...         25.38          17.33           184.60   \n",
      "1         0.1812  ...         24.99          23.41           158.80   \n",
      "2         0.2069  ...         23.57          25.53           152.50   \n",
      "3         0.2597  ...         14.91          26.50            98.87   \n",
      "4         0.1809  ...         22.54          16.67           152.20   \n",
      "\n",
      "   area_worst  smoothness_worst  compactness_worst  concavity_worst  \\\n",
      "0      2019.0            0.1622             0.6656           0.7119   \n",
      "1      1956.0            0.1238             0.1866           0.2416   \n",
      "2      1709.0            0.1444             0.4245           0.4504   \n",
      "3       567.7            0.2098             0.8663           0.6869   \n",
      "4      1575.0            0.1374             0.2050           0.4000   \n",
      "\n",
      "   concave points_worst  symmetry_worst  fractal_dimension_worst  \n",
      "0                0.2654          0.4601                  0.11890  \n",
      "1                0.1860          0.2750                  0.08902  \n",
      "2                0.2430          0.3613                  0.08758  \n",
      "3                0.2575          0.6638                  0.17300  \n",
      "4                0.1625          0.2364                  0.07678  \n",
      "\n",
      "[5 rows x 31 columns]\n"
     ]
    }
   ],
   "source": [
    "from sklearn.preprocessing import LabelEncoder\n",
    "\n",
    "# Convert categorical data using LabelEncoder\n",
    "label_encoder = LabelEncoder()\n",
    "data['diagnosis'] = label_encoder.fit_transform(data['diagnosis'])\n",
    "\n",
    "# Display the first few rows to confirm the conversion\n",
    "print(data.head())\n"
   ]
  },
  {
   "cell_type": "code",
   "execution_count": 10,
   "id": "a6229c57",
   "metadata": {},
   "outputs": [],
   "source": [
    "import numpy as np\n",
    "\n",
    "# Assuming 'data' is your DataFrame containing the variables\n",
    "covariance_matrix = np.cov(data.T)\n"
   ]
  },
  {
   "cell_type": "code",
   "execution_count": 11,
   "id": "4942cad4",
   "metadata": {},
   "outputs": [
    {
     "data": {
      "text/plain": [
       "array([[ 2.34176589e-01,  1.24495449e+00,  8.64145276e-01,\n",
       "         8.73243824e+00,  1.20738222e+02,  2.44031758e-03,\n",
       "         1.52456362e-02,  2.68640582e-02,  1.45827836e-02,\n",
       "         4.38448074e-03, -4.38614198e-05,  7.61074368e-02,\n",
       "        -2.21659602e-03,  5.44134584e-01,  1.20688191e+01,\n",
       "        -9.73724102e-05,  2.53915769e-03,  3.70637700e-03,\n",
       "         1.21837841e-03, -2.60886253e-05,  9.98422189e-05,\n",
       "         1.81604183e+00,  1.35895895e+00,  1.27308678e+01,\n",
       "         2.02184994e+02,  4.65677477e-03,  4.49973956e-02,\n",
       "         6.65922914e-02,  2.52425892e-02,  1.24633432e-02,\n",
       "         2.83069850e-03],\n",
       "       [ 1.24495449e+00,  1.24189201e+01,  4.90758156e+00,\n",
       "         8.54471417e+01,  1.22448341e+03,  8.45445983e-03,\n",
       "         9.41970568e-02,  1.90127582e-01,  1.12475116e-01,\n",
       "         1.42731729e-02, -7.75370629e-03,  6.63650325e-01,\n",
       "        -1.89188600e-01,  4.80354973e+00,  1.17968162e+02,\n",
       "        -2.35533633e-03,  1.30005142e-02,  2.06588280e-02,\n",
       "         8.17956306e-03, -3.03898170e-03, -3.97624858e-04,\n",
       "         1.65137495e+01,  6.43310002e+00,  1.14288570e+02,\n",
       "         1.88822722e+03,  9.62462515e-03,  2.29249204e-01,\n",
       "         3.87386440e-01,  1.72392739e-01,  3.57457580e-02,\n",
       "         4.49735060e-04],\n",
       "       [ 8.64145276e-01,  4.90758156e+00,  1.84989087e+01,\n",
       "         3.44397592e+01,  4.85993787e+02, -1.41477877e-03,\n",
       "         5.37668058e-02,  1.03692344e-01,  4.89769268e-02,\n",
       "         8.41887566e-03, -2.32115824e-03,  3.29037393e-01,\n",
       "         9.16695072e-01,  2.44944877e+00,  5.08408652e+01,\n",
       "         8.54099045e-05,  1.47865987e-02,  1.86039300e-02,\n",
       "         4.34837964e-03,  3.24506954e-04,  6.19772637e-04,\n",
       "         7.32926700e+00,  2.41101485e+01,  5.17459332e+01,\n",
       "         8.41283832e+02,  7.61106975e-03,  1.88010026e-01,\n",
       "         2.70110082e-01,  8.34908538e-02,  2.79419949e-02,\n",
       "         9.26012881e-03],\n",
       "       [ 8.73243824e+00,  8.54471417e+01,  3.44397592e+01,\n",
       "         5.90440480e+02,  8.43577235e+03,  7.08360652e-02,\n",
       "         7.14714125e-01,  1.38723362e+00,  8.02360375e-01,\n",
       "         1.21921583e-01, -4.48588794e-02,  4.66140102e+00,\n",
       "        -1.16298834e+00,  3.40530278e+01,  8.23492755e+02,\n",
       "        -1.47881764e-02,  1.09111241e-01,  1.67296235e-01,\n",
       "         6.10547010e-02, -1.63964262e-02, -3.55136526e-04,\n",
       "         1.13858063e+02,  4.52581133e+01,  7.92328208e+02,\n",
       "         1.30261484e+04,  8.35255275e-02,  1.74247791e+00,\n",
       "         2.85850554e+00,  1.23184809e+00,  2.84299746e-01,\n",
       "         2.23905222e-02],\n",
       "       [ 1.20738222e+02,  1.22448341e+03,  4.85993787e+02,\n",
       "         8.43577235e+03,  1.23843554e+05,  8.76178126e-01,\n",
       "         9.26493079e+00,  1.92449238e+01,  1.12419582e+01,\n",
       "         1.45959589e+00, -7.03426366e-01,  7.14909447e+01,\n",
       "        -1.28671677e+01,  5.17009995e+02,  1.28085176e+04,\n",
       "        -1.76220977e-01,  1.33972528e+00,  2.20595229e+00,\n",
       "         8.08460183e-01, -2.10896413e-01, -1.85185365e-02,\n",
       "         1.63752134e+03,  6.21824934e+02,  1.13417898e+04,\n",
       "         1.92192558e+05,  9.92513546e-01,  2.16166024e+01,\n",
       "         3.76344154e+01,  1.67017894e+01,  3.12580933e+00,\n",
       "         2.37562255e-02],\n",
       "       [ 2.44031758e-03,  8.45445983e-03, -1.41477877e-03,\n",
       "         7.08360652e-02,  8.76178126e-01,  1.97799700e-04,\n",
       "         4.89573915e-04,  5.85242774e-04,  3.02167060e-04,\n",
       "         2.15054513e-04,  5.80685868e-05,  1.17577046e-03,\n",
       "         5.30728260e-04,  8.41955814e-03,  1.57742108e-01,\n",
       "         1.40354828e-05,  8.03299928e-05,  1.05454056e-04,\n",
       "         3.30349152e-05,  2.33418901e-05,  1.05543329e-05,\n",
       "         1.44869117e-02,  3.11810959e-03,  1.12879473e-01,\n",
       "         1.65529930e+00,  2.58604266e-04,  1.04547843e-03,\n",
       "         1.27612364e-03,  4.65056762e-04,  3.43093408e-04,\n",
       "         1.26834336e-04],\n",
       "       [ 1.52456362e-02,  9.41970568e-02,  5.37668058e-02,\n",
       "         7.14714125e-01,  9.26493079e+00,  4.89573915e-04,\n",
       "         2.78918740e-03,  3.71813492e-03,  1.70323279e-03,\n",
       "         8.72518055e-04,  2.10813102e-04,  7.28582209e-03,\n",
       "         1.34613491e-03,  5.86119478e-02,  1.09470847e+00,\n",
       "         2.14545745e-05,  6.98668545e-04,  9.09523186e-04,\n",
       "         2.09293726e-04,  1.00400852e-04,  7.08958339e-05,\n",
       "         1.36642905e-01,  8.05441202e-02,  1.04741276e+00,\n",
       "         1.53234364e+01,  6.81954177e-04,  7.19433104e-03,\n",
       "         8.99373999e-03,  2.83126752e-03,  1.66709974e-03,\n",
       "         6.55670173e-04],\n",
       "       [ 2.68640582e-02,  1.90127582e-01,  1.03692344e-01,\n",
       "         1.38723362e+00,  1.92449238e+01,  5.85242774e-04,\n",
       "         3.71813492e-03,  6.35524790e-03,  2.85018988e-03,\n",
       "         1.09418750e-03,  1.89558774e-04,  1.39701630e-02,\n",
       "         3.35187749e-03,  1.06443014e-01,  2.23911946e+00,\n",
       "         2.35922336e-05,  9.56914602e-04,  1.66349126e-03,\n",
       "         3.36091422e-04,  1.17306921e-04,  9.47774191e-05,\n",
       "         2.65180994e-01,  1.46934203e-01,  1.95434992e+00,\n",
       "         3.06824051e+01,  8.16944485e-04,  9.46943910e-03,\n",
       "         1.47039422e-02,  4.51347883e-03,  2.01950274e-03,\n",
       "         7.41417054e-04],\n",
       "       [ 1.45827836e-02,  1.12475116e-01,  4.89769268e-02,\n",
       "         8.02360375e-01,  1.12419582e+01,  3.02167060e-04,\n",
       "         1.70323279e-03,  2.85018988e-03,  1.50566077e-03,\n",
       "         4.91982571e-04,  4.57290472e-05,  7.51138126e-03,\n",
       "         4.59781771e-04,  5.57531179e-02,  1.21850147e+00,\n",
       "         3.22178293e-06,  3.40790075e-04,  5.14398590e-04,\n",
       "         1.47397967e-04,  3.05845975e-05,  2.64474321e-05,\n",
       "         1.55720694e-01,  6.98190238e-02,  1.11601611e+00,\n",
       "         1.78868809e+01,  4.01122552e-04,  4.07487369e-03,\n",
       "         6.09083615e-03,  2.32144382e-03,  9.02024075e-04,\n",
       "         2.58368250e-04],\n",
       "       [ 4.38448074e-03,  1.42731729e-02,  8.41887566e-03,\n",
       "         1.21921583e-01,  1.45959589e+00,  2.15054513e-04,\n",
       "         8.72518055e-04,  1.09418750e-03,  4.91982571e-04,\n",
       "         7.51542821e-04,  9.28910636e-05,  2.30638906e-03,\n",
       "         1.93655007e-03,  1.73983505e-02,  2.79313983e-01,\n",
       "         1.54187557e-05,  2.07009285e-04,  2.83533849e-04,\n",
       "         6.65278822e-05,  1.01781812e-04,  2.40678115e-05,\n",
       "         2.46088984e-02,  1.52742091e-02,  2.01895786e-01,\n",
       "         2.76572509e+00,  2.67070680e-04,  2.04103789e-03,\n",
       "         2.48057393e-03,  7.75396600e-04,  1.18694106e-03,\n",
       "         2.17074597e-04],\n",
       "       [-4.38614198e-05, -7.75370629e-03, -2.32115824e-03,\n",
       "        -4.48588794e-02, -7.03426366e-01,  5.80685868e-05,\n",
       "         2.10813102e-04,  1.89558774e-04,  4.57290472e-05,\n",
       "         9.28910636e-05,  4.98487228e-05,  2.17320416e-07,\n",
       "         6.39430966e-04,  5.68573335e-04, -2.89611509e-02,\n",
       "         8.52118998e-06,  7.07847676e-05,  9.51878806e-05,\n",
       "         1.48641058e-05,  2.01358675e-05,  1.28558262e-05,\n",
       "        -8.65707995e-03, -2.22481721e-03, -4.86713328e-02,\n",
       "        -9.32024040e-01,  8.13993060e-05,  5.09657168e-04,\n",
       "         5.09989727e-04,  8.13675199e-05,  1.45901621e-04,\n",
       "         9.78449947e-05],\n",
       "       [ 7.61074368e-02,  6.63650325e-01,  3.29037393e-01,\n",
       "         4.66140102e+00,  7.14909447e+01,  1.17577046e-03,\n",
       "         7.28582209e-03,  1.39701630e-02,  7.51138126e-03,\n",
       "         2.30638906e-03,  2.17320416e-07,  7.69023519e-02,\n",
       "         3.26223907e-02,  5.45431807e-01,  1.20075606e+01,\n",
       "         1.36980537e-04,  1.76827584e-03,  2.78215793e-03,\n",
       "         8.78386400e-04,  5.51469424e-04,  1.67123076e-04,\n",
       "         9.58415776e-01,  3.32021575e-01,  6.70631079e+00,\n",
       "         1.18661947e+02,  8.98589022e-04,  1.25267164e-02,\n",
       "         2.20184079e-02,  9.68042460e-03,  1.62203697e-03,\n",
       "         2.48224335e-04],\n",
       "       [-2.21659602e-03, -1.89188600e-01,  9.16695072e-01,\n",
       "        -1.16298834e+00, -1.28671677e+01,  5.30728260e-04,\n",
       "         1.34613491e-03,  3.35187749e-03,  4.59781771e-04,\n",
       "         1.93655007e-03,  6.39430966e-04,  3.26223907e-02,\n",
       "         3.04315949e-01,  2.48914100e-01,  2.79978454e+00,\n",
       "         6.57966922e-04,  2.28896558e-03,  3.24713230e-03,\n",
       "         7.83845060e-04,  1.87704405e-03,  4.08311517e-04,\n",
       "        -2.97794292e-01,  1.38675379e+00, -1.89523687e+00,\n",
       "        -2.61302872e+01, -9.27753055e-04, -8.02322019e-03,\n",
       "        -7.93598173e-03, -4.33819302e-03, -4.37585288e-03,\n",
       "        -4.54877884e-04],\n",
       "       [ 5.44134584e-01,  4.80354973e+00,  2.44944877e+00,\n",
       "         3.40530278e+01,  5.17009995e+02,  8.41955814e-03,\n",
       "         5.86119478e-02,  1.06443014e-01,  5.57531179e-02,\n",
       "         1.73983505e-02,  5.68573335e-04,  5.45431807e-01,\n",
       "         2.48914100e-01,  4.08789584e+00,  8.62419781e+01,\n",
       "         9.17126151e-04,  1.50740895e-02,  2.21229120e-02,\n",
       "         6.93962762e-03,  4.45390561e-03,  1.30615667e-03,\n",
       "         6.81312193e+00,  2.48997634e+00,  4.89864729e+01,\n",
       "         8.41165375e+02,  6.00381162e-03,  1.08768506e-01,\n",
       "         1.76694851e-01,  7.37465264e-02,  1.37508705e-02,\n",
       "         3.11976307e-03],\n",
       "       [ 1.20688191e+01,  1.17968162e+02,  5.08408652e+01,\n",
       "         8.23492755e+02,  1.28085176e+04,  1.57742108e-01,\n",
       "         1.09470847e+00,  2.23911946e+00,  1.21850147e+00,\n",
       "         2.79313983e-01, -2.89611509e-02,  1.20075606e+01,\n",
       "         2.79978454e+00,  8.62419781e+01,  2.06943158e+03,\n",
       "         1.02646013e-02,  2.32048109e-01,  3.71991077e-01,\n",
       "         1.16692162e-01,  5.04310854e-02,  1.52958332e-02,\n",
       "         1.66522900e+02,  5.49403529e+01,  1.16359986e+03,\n",
       "         2.10159710e+04,  1.30238261e-01,  2.02737895e+00,\n",
       "         3.65480374e+00,  1.60924122e+00,  2.08622021e-01,\n",
       "         1.44107271e-02],\n",
       "       [-9.73724102e-05, -2.35533633e-03,  8.54099045e-05,\n",
       "        -1.47881764e-02, -1.76220977e-01,  1.40354828e-05,\n",
       "         2.14545745e-05,  2.35922336e-05,  3.22178293e-06,\n",
       "         1.54187557e-05,  8.52118998e-06,  1.36980537e-04,\n",
       "         6.57966922e-04,  9.17126151e-04,  1.02646013e-02,\n",
       "         9.01511400e-06,  1.81040236e-05,  2.43520250e-05,\n",
       "         6.08461363e-06,  1.02631926e-05,  3.39543489e-06,\n",
       "        -3.34775926e-03, -1.37932527e-03, -2.19242617e-02,\n",
       "        -3.11464005e-01,  2.15575614e-05, -2.62459776e-05,\n",
       "        -3.65180014e-05, -2.01323198e-05, -1.99396729e-05,\n",
       "         5.50320435e-06],\n",
       "       [ 2.53915769e-03,  1.30005142e-02,  1.47865987e-02,\n",
       "         1.09111241e-01,  1.33972528e+00,  8.03299928e-05,\n",
       "         6.98668545e-04,  9.56914602e-04,  3.40790075e-04,\n",
       "         2.07009285e-04,  7.07847676e-05,  1.76827584e-03,\n",
       "         2.28896558e-03,  1.50740895e-02,  2.32048109e-01,\n",
       "         1.81040236e-05,  3.20702887e-04,  4.33147543e-04,\n",
       "         8.22200733e-05,  5.84315765e-05,  3.80639479e-05,\n",
       "         1.77096826e-02,  1.57400489e-02,  1.56768104e-01,\n",
       "         2.03281940e+00,  9.29786001e-05,  1.91253835e-03,\n",
       "         2.38790385e-03,  5.68807017e-04,  3.07870879e-04,\n",
       "         1.91146839e-04],\n",
       "       [ 3.70637700e-03,  2.06588280e-02,  1.86039300e-02,\n",
       "         1.67296235e-01,  2.20595229e+00,  1.05454056e-04,\n",
       "         9.09523186e-04,  1.66349126e-03,  5.14398590e-04,\n",
       "         2.83533849e-04,  9.51878806e-05,  2.78215793e-03,\n",
       "         3.24713230e-03,  2.21229120e-02,  3.71991077e-01,\n",
       "         2.43520250e-05,  4.33147543e-04,  9.11198238e-04,\n",
       "         1.43753588e-04,  7.72114623e-05,  5.80984588e-05,\n",
       "         2.72685729e-02,  1.85978404e-02,  2.29928386e-01,\n",
       "         3.23715008e+00,  1.16120880e-04,  2.30276848e-03,\n",
       "         4.17252753e-03,  8.73985248e-04,  3.69375701e-04,\n",
       "         2.39521661e-04],\n",
       "       [ 1.21837841e-03,  8.17956306e-03,  4.34837964e-03,\n",
       "         6.10547010e-02,  8.08460183e-01,  3.30349152e-05,\n",
       "         2.09293726e-04,  3.36091422e-04,  1.47397967e-04,\n",
       "         6.65278822e-05,  1.48641058e-05,  8.78386400e-04,\n",
       "         7.83845060e-04,  6.93962762e-03,  1.16692162e-01,\n",
       "         6.08461363e-06,  8.22200733e-05,  1.43753588e-04,\n",
       "         3.80724191e-05,  1.59536273e-05,  9.97652528e-06,\n",
       "         1.06802250e-02,  3.28958772e-03,  8.18980659e-02,\n",
